0.703125
279,541,132.0143589

EPSG:4326:0
2 x 1
1

0.3515625
1:
139,770,566.00717944

EPSG:4326:1
4 x 2
2

0.17578125
1:
69,885,283.00358972

EPSG:4326:2
8 x 4
3

0.087890625
1:
34,942,641.50179486

EPSG:4326:3
16 x 8
4

0.0439453125
1:
17,471,320.75089743

EPSG:4326:4
32 x 16
5

0.02197265625
1:
8,735,660.375448715

EPSG:4326:5
64 x 32
6

0.010986328125
1:
4,367,830.1877243575

EPSG:4326:6
128 x 64
7

0.0054931640625
1:
2,183,915.0938621787

EPSG:4326:7
256 x 128
8

0.00274658203125
1:
1,091,957.5469310894

EPSG:4326:8
512 x 256
9

0.001373291015625
1:
545,978.7734655447

EPSG:4326:9
1,024 x 512
10

0.0006866455078125
1:
272,989.38673277234

EPSG:4326:10
2,048 x 1,024
11

0.0003433227539062
1:
136,494.69336638617

EPSG:4326:11
4,096 x 2,048
12

0.0001716613769531
1:
68,247.34668319309

EPSG:4326:12
8,192 x 4,096
13

0.0000858306884766
1:
34,123.67334159654

EPSG:4326:13
16,384 x 8,192
14

0.0000429153442383
1:
17,061.83667079827

EPSG:4326:14
32,768 x 16,384
15

0.0000214576721191
1:
8,530.918335399136

EPSG:4326:15
65,536 x 32,768
16

0.0000107288360596
1:
4,265.459167699568

EPSG:4326:16
131,072 x 65,536
17

0.0000053644180298
1:
2,132.729583849784

EPSG:4326:17
262,144 x 131,072
18

0.0000026822090149
1:
1,066.364791924892

EPSG:4326:18
524,288 x 262,144
19

0.0000013411045074
1:
533.182395962446

EPSG:4326:19
1,048,576 x 524,288
20

0.0000006705522537
1:
266.591197981223

EPSG:4326:20
2,097,152 x 1,048,576
21

0.0000003352761269
1:
133.2955989906115

EPSG:4326:21
4,194,304 x 2,097,152
